0.91026115
1.04122365
0.98792762
0.99751121
0.95962429
0.80129057
0.79664010
0.99036580
1.05175173
0.95964122
1.20100772
1.10306621
1.24576974
1.12556815
1.00697374
1.02110577
0.98864710
1.19301522
0.00000000
0.22138244
0.45939952
0.49224818
0.41749468
0.31251818
0.31976515
0.60210085
0.66268408
0.62875175
0.63403833
0.46036890
0.49677426
0.52374256
0.55410379
0.54877198
0.45071712
0.00000000
0.00000000
0.00000000
0.13281000
0.13464946
0.09659928
0.27914250
0.41948599
0.82144821
0.80114645
0.74115014
0.83020055
0.84262371
0.66524065
0.24742985
0.25622183
0.21231437
0.23554510
0.00000000
0.00000000
0.00000000
0.23003656
0.22058040
0.35396576
0.55049914
1.31038296
1.31719875
0.76872385
1.25979877
0.76220268
0.81227422
1.09730697
0.94707161
0.68798971
0.36291361
0.27199477
0.00000000
0.00000000
0.00000000
0.23543364
0.21538699
0.00000000
1.14924932
2.19425726
1.17341423
1.05706835
1.11270130
0.52720082
0.39915279
0.52812660
1.54621625
0.90403420
0.61016965
0.21148229
0.00000000
0.00000000
0.00000000
0.26321536
0.12213570
0.57446146
0.00000000
0.00000000
0.00000000
0.00000000
0.00000000
0.00000000
0.40398216
0.00000000
0.00000000
0.00000000
0.29907590
0.01331180
0.00000000
0.00000000
0.00000000
0.28790146
0.16646433
0.25994432
0.00000000
0.23718238
0.70630223
1.34243047
1.42143846
1.72128105
1.85109448
1.34164572
0.56696790
0.00000000
0.18422782
0.25025094
0.00000000
0.00000000
0.00000000
0.34144807
0.21650857
0.22035849
0.48233333
1.17843390
1.49898696
2.18550706
1.96886683
1.21548259
1.11728072
1.13413358
0.19033885
0.00000000
0.15586233
0.28415340
0.00000000
0.00000000
0.04653877
0.33159423
0.29998410
0.04513758
0.21324599
0.24367428
0.07783544
0.00000000
0.00000000
0.00000000
0.00000000
0.00000000
0.11961514
0.17757088
0.20291060
0.18745238
0.00000000
0.00000000
0.32251018
0.50877964
0.26025510
0.25790423
0.09375453
0.06661808
0.09289712
0.29079133
0.38178819
0.20054269
0.00000000
0.00000000
0.04032117
0.22954947
0.19316828
0.16748428
0.00000000
0.00000000
0.00000000
0.43322709
0.66599113
0.42055589
0.24111515
0.15728885
0.27820158
0.37671274
0.38547191
0.31188196
0.21753192
0.16146761
0.08156693
0.16364956
0.21906263
0.23449433
0.00000000
0.00000000
0.00000000
0.00000000
0.29913384
0.71833491
0.46362060
0.30036849
0.32929814
0.41583952
0.37428617
0.36406207
0.38705570
0.32925767
0.22327757
0.23400629
0.29723281
0.35255146
0.00000000
0.00000000
0.00000000
0.00000000
0.00000000
0.00000000
0.53667605
0.62669015
0.49327129
0.30854595
0.36119807
0.41469476
0.45366049
0.38863263
0.42916191
0.53562051
0.62045753
0.54901147
0.00000000
0.00000000
0.00000000
0.00000000
0.00000000
0.00000000
0.00000000
0.13833624
0.00000000
0.00000000
0.00000000
0.00000000
0.00000000
0.00000000
0.00000000
0.00000000
0.00000000
0.00000000
0.00000000
0.00000000
0.36334410
0.06818306
0.05955753
0.06860900
0.10230824
0.55523497
0.33709580
0.11983758
0.06067038
0.03912169
0.17250246
0.00000000
0.05299345
0.06745854
0.06716317
0.06854132
0.00000000
0.00000000
0.00000000
0.00000000
0.00000000
0.00000000
0.00000000
0.00000000
0.00000000
0.00000000
0.00000000
0.00000000
0.00000000
0.00000000
0.00000000
0.00000000
0.00000000
0.00000000
0.00000000
0.00000000
0.00000000
0.00000000
0.00000000
0.00000000
0.00000000
0.08086947
0.44426882
0.33747309
0.67268467
0.40538788
0.20187971
0.00000000
0.00000000
0.00000000
0.00000000
0.00000000
0.00000000
0.00000000
0.00000000
0.00000000
0.00000000
0.00000000
0.52968699
0.93448901
1.97211409
1.50106502
0.91540134
2.38831902
1.33189702
0.75028211
0.44710845
0.00000000
0.00000000
0.00000000
0.00000000
0.00000000
0.00000000
0.00000000
0.00000000
0.42167962
0.02325231
0.98638862
2.06210136
0.92571306
1.12084341
1.87688613
1.94949865
0.87572634
1.02426469
0.99849796
0.15974882
0.00000000
0.00000000
0.00000000
0.00000000
0.00000000
0.00000000
0.00000000
0.99382460
1.53378487
2.01747799
1.49203646
1.73417759
1.00714111
2.39052105
1.57635689
1.16828609
2.52657104
0.00000000
0.00000000
0.00000000
0.00000000
0.00000000
0.00000000
0.00000000
0.00000000
0.85637587
0.81682259
1.68702126
1.50767887
2.08338094
1.14802194
2.38665366
0.61772692
1.58522272
0.61065441
0.00000000
0.00000000
0.00000000
0.00000000
0.00000000
0.00000000
0.00000000
0.00000000
0.00000000
0.34902912
0.97299129
0.30921602
0.72991329
0.00000000
0.54454666
0.59484488
0.31231576
0.00000000
0.00000000
0.00000000
0.00000000
0.00000000
0.00000000
0.00000000
0.00000000
0.00000000
0.00000000
0.00000000
0.01322842
0.16627350
0.45084214
0.51647246
0.17298314
0.00000000
0.00000000
0.00000000
0.00000000
0.00000000
0.00000000
0.40879837
0.00000000
0.00000000
0.00000000
0.00000000
0.00000000
0.00000000
0.00000000
0.00000000
0.00000000
0.00000000
0.00000000
0.00000000
0.00000000
0.00000000
0.00000000
0.00000000
0.00000000
0.69457853
0.72072560
0.34118053
0.00000000
0.00000000
0.00000000
0.00000000
0.00000000
0.00000000
0.00000000
0.00000000
0.00000000
0.00000000
0.00000000
0.00000000
0.00000000
0.00000000
0.00000000
0.00000000
1.29019642
0.97014916
0.62908870
0.12879166
0.00000000
0.00000000
0.00000000
0.00000000
0.00000000
0.00000000
0.00000000
0.00000000
0.00000000
0.00000000
0.00000000
0.00000000
0.00000000
0.00000000
0.05139941
1.14957380
0.74956042
0.70761150
0.11925620
0.00000000
0.00000000
0.00000000
0.00000000
0.00000000
0.00000000
0.00000000
0.00000000
0.00000000
0.00000000
0.34594658
0.00000000
0.00000000
0.00000000
0.00000000
0.28505182
0.60263085
0.27150691
0.00000000
0.00000000
0.00000000
0.00000000
0.00000000
0.00000000
0.00000000
0.00000000
0.00000000
0.03401858
0.02644992
0.00000000
0.70398432
0.47635823
0.77248377
0.75290531
0.75874925
0.81522077
0.77154958
0.83957779
0.82998824
0.86810750
0.74781394
0.79681861
0.75510460
0.78680795
0.77377331
0.75874382
0.78450269
0.44066942
0.86045486
0.96956003
1.04173517
1.02361286
1.06573856
1.16138542
1.03796852
1.00356340
1.03575027
1.00422335
0.95613790
1.07250595
1.04836166
1.07126081
1.08411121
1.04974031
1.13363910
1.13426816
0.37000334
0.67691684
0.91379029
0.92039746
0.96426648
0.95261532
0.81361991
0.39255658
0.04559702
0.00000000
0.22642207
0.27545124
0.64699578
0.89459985
0.93889791
0.88056701
0.90382320
0.83994085
0.35976842
0.68867880
0.85973120
0.87928176
0.87850392
0.72173381
0.00000000
0.00000000
0.00000000
0.00000000
0.00000000
0.00000000
0.00000000
0.38353136
0.62578642
0.82696539
0.86199057
0.80386490
0.39559034
0.69118524
0.82804185
0.89401013
1.19517255
0.04782599
0.00000000
0.00000000
0.00000000
0.00000000
0.00000000
0.07877284
0.00000000
0.00000000
0.00177550
0.35546777
0.95419347
0.79593503
0.44675753
0.65813863
0.79348350
0.78094655
1.49294424
1.35916328
0.00000000
0.00000000
0.00000000
0.00000000
0.00000000
0.00000000
0.62870097
0.89439422
0.96663576
0.04773182
0.94117600
0.80318648
0.44825903
0.63518816
0.78727430
0.72298300
0.61964440
1.21637762
0.00226986
0.00000000
0.00000000
0.00000000
0.00000000
0.00000000
0.00000000
0.57726753
0.35576412
0.29653656
0.92549527
0.79232651
0.47015285
0.64300197
0.80155653
0.81035870
0.95508617
0.83979499
0.58852965
0.53190815
0.00000000
0.00000000
0.04010421
0.00000000
0.27830774
0.53752792
1.12055242
0.83308661
0.86257023
0.75684845
0.48551944
0.66082007
0.81613022
0.87585396
0.99900824
0.66952676
0.71076435
0.89291084
0.82383507
0.77252942
1.21707606
0.91495043
0.74318647
0.83712023
0.95689380
0.92888057
0.82733881
0.72306371
1.03837264
0.23661888
0.66675729
0.76853764
0.78013062
0.88400555
0.62505460
0.75828916
1.06469119
0.98828530
1.05358660
0.93779951
1.01352823
0.88721746
0.91574562
0.90785849
0.88686907
0.77916509
1.84396005
1.24182522
0.40733927
0.71688247
0.78354079
0.83962226
0.81147581
0.64064759
0.65511787
0.51202321
0.60630375
0.91324747
1.01209021
0.94606233
0.85334837
0.82950944
0.79401052
0.79122728
1.40527987
2.24458361
1.31232989
0.74060923
0.65771472
0.70848161
0.80175853
0.82424176
0.86800694
0.72927922
0.67830598
0.69131261
0.88204896
0.93551147
0.84823495
0.79274839
0.84446353
0.60110641
1.44261980
1.90741098
2.16381121
1.35698462
1.16334319
0.62717515
0.70909464
0.66921479
0.93857050
0.81376362
0.79041588
0.71275532
0.80174947
0.77421767
0.80854374
0.76988029
0.97804403
0.83730018
1.24598646
1.63057506
1.53862691
1.24535525
1.17757344
1.08604157
0.54137897
0.42717543
0.49580705
0.46090177
0.41038695
0.43194360
0.47704685
0.53645974
0.75085396
0.88890606
0.80426431
0.83634239
0.11600721
0.00000000
0.00000000
0.00000000
0.00000000
0.00000000
0.00000000
0.00000000
0.00000000
0.00000000
0.00000000
0.00000000
0.00000000
0.00000000
0.00000000
0.00000000
0.00000000
0.29465127
0.26094848
0.16416422
0.00000000
0.00000000
0.00000000
0.00000000
0.00000000
0.18606967
0.29198006
0.15767428
0.03709224
0.00000000
0.00000000
0.00000000
0.00000000
0.00000000
0.00000000
0.04728067
0.61069489
1.35728562
0.97526693
0.96226454
0.96367329
0.91649270
0.82101095
0.24208805
0.40413672
0.63935083
0.29797181
0.67818868
0.92134047
0.98312521
1.02508926
1.06651580
1.09934783
1.20309901
0.60648233
1.34792185
0.96701455
0.96443796
0.96022344
0.71614331
0.07579193
0.00000000
0.00000000
0.00000000
0.00000000
0.00000000
0.05086949
0.47100803
0.87690496
1.05561018
1.05854213
1.15035546
0.61174381
1.28915501
1.00364065
1.04702413
0.96876037
0.21136808
0.00000000
0.00000000
0.00000000
0.00000000
0.00000000
0.00000000
0.00054944
0.00000000
0.32819465
0.82368660
1.10707474
1.14195061
0.60441095
1.29626369
0.99033034
1.00866747
0.84918714
0.00000000
0.00000000
0.00000000
0.00000000
0.00000000
0.00000000
0.00000000
0.00000000
0.00000000
0.00000000
1.04502988
1.12568212
1.14030933
0.60726637
1.25324655
0.96785039
1.04763603
0.86403239
0.00000000
0.00000000
0.00000000
0.00000000
0.00000000
0.39571339
0.55283707
0.21296701
0.00000000
0.76797605
1.19491601
1.09901190
1.10071087
0.60908079
1.23958039
0.93758285
0.93243504
0.91555947
1.04226494
1.25761461
1.37688768
1.48757041
1.21134734
0.99927068
1.15824223
1.42516041
1.48879731
1.19961953
1.15695214
1.08099234
1.09265733
0.57109964
1.13363385
0.88048494
0.91533375
1.05188179
1.02865219
1.12106228
1.04005027
0.75120628
0.56556392
0.56283343
0.87170100
1.06752324
1.07480872
1.05323946
1.08832395
1.06445873
1.05870485
0.30998492
0.62572998
0.84367812
0.92841619
0.99361038
0.97783148
0.99298990
1.14154053
1.02401567
1.07741678
1.25378680
1.15280104
1.02704620
0.98378754
1.07567811
1.09192705
1.06404793
1.04140460
0.19902685
0.07009593
0.45718354
0.83514822
0.83883834
0.94438982
0.96833003
1.08502293
1.12133515
1.28850842
1.44453168
1.30093610
1.13251638
1.06220841
1.01332188
1.03836024
1.01655602
1.03217936
0.00000000
0.24941540
0.26039177
0.25883454
0.76405334
0.88936728
0.92447406
0.97058427
1.01819515
1.14061975
1.18367767
1.25475454
1.18032920
1.11836004
1.03448999
1.04505420
0.92192245
0.86335194
0.13084176
0.00000000
0.03934285
0.41867924
0.33830804
0.59748352
0.77440941
0.87550497
0.96032619
0.98789024
1.10891438
1.12262201
1.08807755
1.06211531
0.98541349
0.86244440
0.61797249
0.24448067
0.20759445
0.23863742
0.00000000
0.34572059
0.71985996
0.53838110
0.45582092
0.73962551
0.85393977
0.91335869
0.92939460
0.94444036
0.92454618
0.90515244
0.81814873
0.51527858
0.31763539
0.68677211
0.00000000
0.00000000
0.16595033
0.15055358
0.14846498
0.21802878
0.33321360
0.00000000
0.00000000
0.00000000
0.23919412
0.14866373
0.19088930
0.17289490
0.16608456
0.18140507
0.15049672
0.00000000
0.00000000
0.00000000
0.00000000
0.00000000
0.00000000
0.01005244
0.17159101
0.13213217
0.00000000
0.00000000
0.08849299
0.08083701
0.16722438
0.16889504
0.10094583
0.11587143
0.06475466
0.17426991
0.00000000
0.00000000
0.00000000
0.00000000
0.00000000
0.00000000
0.44864297
0.89020205
1.14539468
1.11506128
1.20102334
1.21674681
0.58935660
0.29731306
0.13295358
0.05899203
0.02022707
0.00000000
0.00000000
0.00000000
0.00000000
0.00000000
0.09599143
0.82825130
1.56269407
1.88107741
1.71076858
2.13328743
2.23504734
1.91131306
2.05993080
1.13954043
0.55908120
0.21073824
0.09529144
0.00000000
0.00000000
0.00000000
0.00000000
0.00000000
0.43903339
1.57766807
2.90725756
2.44670296
2.46914053
2.34448481
2.58654261
2.31092811
2.33262873
2.98533869
2.25205040
1.39078736
0.08590412
0.00000000
0.00000000
0.00000000
0.00000000
0.00000000
0.59702957
0.94208789
2.23597860
2.12078857
1.91097009
1.72967207
2.10574651
2.46259046
1.50058913
1.10416055
1.66650224
1.53424883
0.00000000
0.00000000
0.00000000
0.00000000
0.00000000
0.00000000
0.06495529
1.05244374
0.87090915
0.89628220
1.42323422
1.22476578
1.66552722
1.52895737
1.31140769
0.71600050
0.82749623
0.29635513
0.00000000
0.00000000
0.00000000
0.00000000
0.00000000
0.00000000
0.10866177
0.73542774
1.31096601
1.33459508
1.69776416
1.77467442
2.27954912
3.03050089
2.07648587
1.50805342
0.89291078
0.32208472
0.08022749
0.00000000
0.00000000
0.00000000
0.00000000
0.00000000
0.00000000
0.00000000
0.22574744
0.66320163
0.82239562
0.94150501
0.83043689
0.64847225
0.29715770
0.02187979
0.00000000
0.09106600
0.05308044
0.00000000
0.23445350
0.28803319
0.00000000
0.00000000
0.00000000
0.00000000
0.00000000
0.00000000
0.00000000
0.00000000
0.00000000
0.00000000
0.00000000
0.00000000
0.00000000
0.00000000
0.00000000
0.00000000
0.00000000
1.02300322
1.27556252
0.17108348
0.00000000
0.00000000
0.00000000
0.00000000
0.00000000
0.00000000
0.11828536
0.02907705
0.00000000
0.00000000
0.00000000
0.00000000
0.00000000
0.00000000
0.00000000
0.03048074
1.13887024
1.37594140
0.48462448
0.00000000
0.00000000
0.00000000
0.00000000
0.30367899
0.47725719
0.60515404
0.20230246
0.11378229
0.00000000
0.00000000
0.04532450
0.00000000
0.00000000
0.04809314
0.31665769
1.01549900
0.95081258
0.64121562
0.04579729
0.00844568
0.00000000
0.10839450
0.33272240
0.36935604
0.21501517
0.14859706
0.10539120
0.25673440
0.53302962
0.41386932
0.00000000
0.05292451
0.39927971
0.35215870
0.23646200
0.20774540
0.00000000
0.00000000
0.00000000
0.00000000
0.00000000
0.00000000
0.00000000
0.00000000
0.03623974
0.43732691
0.36677846
0.00000000
0.00000000
0.00000000
0.00000000
0.00000000
0.00000000
0.00000000
0.00000000
0.00000000
0.00000000
0.00000000
0.00000000
0.00000000
0.00000000
0.00000000
0.00000000
0.00000000
0.00000000
0.00000000
0.00000000
0.00673008
0.11499801
0.07744139
0.04943937
0.00000000
0.07866424
0.28256670
0.30574548
0.31501317
0.20344323
0.14018869
0.07366794
0.13407916
0.09488672
0.06955755
0.06321478
0.00000000
0.00000000
0.00000000
0.01703465
0.00000000
0.00000000
0.00000000
0.00000000
0.00000000
0.00000000
0.00000000
0.00000000
0.00000000
0.00000000
0.00000000
0.00000000
0.00000000
0.00000000
0.00000000
0.00000000
0.00000000
0.03524917
0.01465559
0.00000000
0.00000000
0.00000000
0.00000000
0.00000000
0.00000000
0.00000000
0.00000000
0.00000000
0.00000000
0.00000000
0.00000000
0.00000000
0.00000000
0.00000000
0.00000000
0.03483349
0.02167541
0.00720388
0.00000000
0.00000000
0.13772303
0.41880909
0.61371917
0.52540904
0.35021520
0.00000000
0.00000000
0.00000000
0.00000000
0.00000000
0.00000000
0.00000000
0.00000000
0.08151954
0.05054057
0.20726147
0.58531713
0.91358054
0.78666973
0.92456460
1.28881669
0.81869560
0.97566867
0.43448639
0.76450270
0.14539281
0.00000000
0.07773501
0.00000000
0.00000000
0.00000000
0.09419304
0.00000000
0.09690070
0.53791273
0.39817804
0.22253597
0.10277036
0.33529073
0.71883649
1.03445911
0.90003347
0.99124688
1.20651162
0.15888205
0.09253341
0.00000000
0.00000000
0.00000000
0.05106598
0.00000000
0.00000000
0.31966379
1.18955970
0.90306520
1.02244091
1.17764688
0.92350638
1.00939429
1.20439613
1.08286691
0.09595329
0.00000000
0.08429426
0.00000000
0.00000000
0.03815287
0.08099800
0.00000000
0.00000000
0.00000000
0.51318026
1.04586363
0.81560802
0.81905067
0.30947766
0.06176233
0.50754833
0.21861649
0.00000000
0.00000000
0.00346774
0.00000000
0.00000000
0.30201420
0.28162396
0.02847373
0.00000000
0.00000000
0.00000000
0.16103104
0.31685147
0.29539841
0.41308045
0.09666449
0.00000000
0.00000000
0.00000000
0.04021370
0.02753443
0.00000000
0.00000000
0.00000000
0.18241936
0.25540918
0.08799195
0.07477307
0.00000000
0.00000000
0.21380937
0.32131138
0.39850992
0.32576060
0.10321394
0.00000000
0.01463050
0.08499599
0.07092416
0.00000000
0.00000000
0.00000000
0.00000000
0.13039574
0.36779672
0.17725679
0.13375229
0.09371036
0.08902937
0.02166641
0.00000000
0.02498287
0.04477441
0.03318572
0.00000000
0.00000000
0.00000000
0.00000000
0.00000000
0.00000000
0.00000000
0.00000000
0.00000000
0.00000000
0.20515281
0.09877425
0.03949618
0.00000000
0.00000000
0.00000000
0.00000000
0.00000000
0.00000000
0.01401711
0.21598673
0.00000000
0.00000000
0.00000000
0.00000000
0.00000000
0.00000000
0.00000000
0.00000000
0.00000000
0.00000000
0.00000000
0.00000000
0.00000000
0.00000000
0.00000000
0.00000000
0.00000000
0.00000000
0.00000000
0.00000000
0.00000000
0.00000000
0.00000000
0.00000000
0.00000000
0.00000000
0.13407901
0.09468435
0.00000000
0.00000000
0.00000000
0.00000000
0.00000000
0.00000000
0.00000000
0.00000000
0.00000000
0.04671474
0.00000000
0.00000000
0.00000000
0.00000000
0.00000000
0.00000000
0.00000000
0.14393684
0.00334524
0.00000000
0.00000000
0.00000000
0.00000000
0.00000000
0.00000000
0.00000000
0.00000000
0.14590649
0.00000000
0.22172022
0.21430074
0.19341940
0.13126320
0.00000000
0.00000000
0.00000000
0.00000000
0.00000000
0.00000000
0.00000000
0.00000000
0.00000000
0.10529744
0.12219153
0.00000000
0.13919966
0.00000000
0.24538705
0.21229666
0.08806054
0.00000000
0.00000000
0.00000000
0.00000000
0.00000000
0.00000000
0.00000000
0.00000000
0.00000000
0.00000000
0.00000000
0.05271888
0.00000000
0.15627649
0.00000000
0.28392091
0.28551859
0.00000000
0.00000000
0.00000000
0.00000000
0.00000000
0.00000000
0.00000000
0.00000000
0.00000000
0.00000000
0.00000000
0.00000000
0.06405793
0.00000000
0.16640416
0.05005081
0.31631494
0.28375915
0.19375762
0.00000000
0.00000000
0.00000000
0.00000000
0.00000000
0.00000000
0.00000000
0.00000000
0.00000000
0.00000000
0.00000000
0.13886116
0.00000000
0.16498855
0.02640122
0.30983937
0.25213099
0.00000000
0.00000000
0.00000000
0.00000000
0.00000000
0.00000000
0.00000000
0.00000000
0.00000000
0.00000000
0.00000000
0.00000000
0.17702191
0.00000000
0.15724187
0.00000000
0.23769243
0.18360770
0.00000000
0.00000000
0.00000000
0.00000000
0.00000000
0.00000000
0.00000000
0.00000000
0.00000000
0.00000000
0.00000000
0.00000000
0.14947259
0.00000000
0.09677389
0.00000000
0.31908792
0.26357725
0.09344706
0.11671013
0.11021066
0.02395090
0.00000000
0.00000000
0.00000000
0.00000000
0.00000000
0.12328815
0.11741105
0.08482666
0.10860008
0.00000000
0.00000000
0.00000000
0.26899880
0.33915392
0.26397541
0.20111939
0.22237715
0.23016822
0.38606036
0.47051653
0.48249450
0.40585557
0.21232688
0.15062249
0.21232721
0.22888294
0.25090596
0.00000000
0.00000000
0.00000000
0.00000000
0.16706702
0.29443768
0.32908863
0.30088806
0.28946710
0.24779779
0.29323271
0.25364754
0.27137619
0.21910377
0.19072695
0.20882456
0.23732306
0.23186296
0.00000000
0.00111514
0.00000000
0.00000000
0.00000000
0.00000000
0.27478045
0.31976336
0.29148382
0.19269809
0.00000000
0.00000000
0.00000000
0.07163490
0.13798201
0.17354228
0.14867531
0.07857241
0.00000000
0.00000000
0.00000000
0.00000000
0.00000000
0.00000000
0.00000000
0.07285365
0.24084014
0.17805684
0.00396572
0.00000000
0.00000000
0.01246043
0.08303786
0.13819988
0.00194880
0.00000000
0.00000000
0.00000000
0.00000000
0.00000000
0.00000000
0.00000000
0.00000000
0.00000000
0.00000000
0.00000000
0.00000000
0.00000000
0.00000000
0.00000000
0.00000000
0.00000000
0.00000000
0.00000000
0.00000000
1.18722773
0.62525135
0.99995029
0.99286628
0.98563170
0.89484370
0.61048776
0.85148793
0.98401558
0.99000394
1.26023543
1.02462292
1.23195994
1.04169929
1.00237322
0.99599934
0.95657855
0.01511288
0.33409640
0.00000000
0.59392834
0.63448322
0.53608716
0.51043463
0.42414454
0.62411505
0.61459315
0.45483685
0.62361836
0.52326679
0.62875837
0.60306358
0.65864664
0.67703998
0.52121413
0.00000000
0.00000000
0.00000000
0.00000000
0.00000000
0.00000000
0.00000000
0.25681937
0.87978625
0.91033530
0.74517620
0.50016582
0.64058399
0.11518502
0.00000000
0.00000000
0.00000000
0.00000000
0.00000000
0.00000000
0.00000000
0.00000000
0.00000000
0.01291871
0.88650292
1.86183405
1.30542314
1.87613750
2.23957849
0.83548576
1.50518370
1.45359540
0.50627285
0.23770925
0.00000000
0.00000000
0.00000000
0.00000000
0.00000000
0.00000000
0.00000000
0.00000000
1.96614552
3.02985263
2.07772851
2.66550493
2.28770709
1.90025306
1.37449503
1.52455926
1.73406458
0.61446929
0.35042614
0.00000000
0.00000000
0.00000000
0.00000000
0.00000000
0.00000000
0.00947469
0.00000000
0.47550541
0.47106582
1.47031462
1.53670764
2.32986355
0.84775090
0.86554170
0.00000000
0.00000000
1.37770963
0.00000000
0.00000000
0.00000000
0.00000000
0.00000000
0.00000000
0.34487757
0.00000000
1.87978673
1.65703416
2.48029542
2.03168821
2.99504209
1.79527617
2.65598822
0.93118733
0.97194052
0.00000000
0.00000000
0.00000000
0.00000000
0.00000000
0.00000000
0.03426933
0.00000000
0.36091465
1.28652501
1.76613855
2.39415407
2.00485063
2.05817175
1.51629758
1.12777388
0.94902879
0.13594466
0.00000000
0.00000000
0.00000000
0.00000000
0.00000000
0.05590934
0.08165282
0.00000000
0.00000000
0.13634211
0.22399771
0.34758094
0.33796233
0.00000000
0.32345647
0.18138039
0.00000000
0.00000000
0.00000000
0.00000000
0.00000000
0.00000000
0.00000000
0.02838427
0.00000000
0.00000000
0.00000000
0.00000000
0.00000000
0.00000000
0.00000000
0.00000000
0.00000000
0.00000000
0.00000000
0.00000000
0.00000000
0.00000000
0.00000000
0.00000000
0.00000000
0.69757509
0.10471630
0.00000000
0.00000000
0.00000000
0.00000000
0.00000000
0.15484130
0.00000000
0.00000000
0.00000000
0.00000000
0.00000000
0.00000000
0.00000000
0.00000000
0.00000000
0.00000000
0.00000000
0.50788021
0.35858941
0.05507350
0.00000000
0.04023719
0.13140434
0.20544937
0.00000000
0.00000000
0.00000000
0.00000000
0.00000000
0.00000000
0.00000000
0.00000000
0.00000000
0.00000000
0.00000000
0.00000000
0.00000000
0.48716125
0.09932947
0.29415047
0.01189911
0.21916085
0.10059971
0.00000000
0.00000000
0.00000000
0.08571321
0.19807833
0.21780744
0.00000000
0.00000000
0.00000000
0.00000000
0.28819454
0.00000000
0.03792059
0.28860685
0.00000000
0.00000000
0.00000000
0.00000000
0.00000000
0.00000000
0.00000000
0.00000000
0.00000000
0.00000000
0.00000000
0.00000000
0.00000000
0.00000000
0.00000000
0.00000000
0.00000000
0.00000000
0.00000000
0.00000000
0.00000000
0.00000000
0.00000000
0.00000000
0.00000000
0.00000000
0.00000000
0.00000000
0.00000000
0.00000000
0.00000000
0.00000000
0.00000000
0.00000000
0.00000000
0.00000000
0.00000000
0.00000000
0.00000000
0.00000000
0.00000000
0.00000000
0.00000000
0.00000000
0.00000000
0.00000000
0.00000000
0.00000000
0.00000000
0.00000000
0.00000000
0.00000000
0.00000000
0.00000000
0.00000000
0.00000000
0.00000000
0.00000000
0.00000000
0.00000000
0.00000000
0.00000000
0.00000000
0.00000000
0.00000000
0.00000000
0.00000000
0.00000000
0.00000000
0.00000000
0.00000000
0.00000000
0.00000000
0.00000000
0.00000000
0.00000000
0.00000000
0.00000000
0.00000000
0.00000000
0.00000000
0.00000000
0.00000000
0.00000000
0.00000000
0.00000000
0.00000000
0.00000000
0.00000000
0.00000000
0.00698344
0.00000000
0.00000000
0.00000000
0.00000000
0.00000000
0.01668979
0.54376566
0.00000000
0.00000000
0.00000000
0.00000000
0.00000000
0.00000000
0.00000000
0.00000000
0.53263509
0.44274408
0.25679508
0.00000000
0.00000000
0.00000000
0.01869826
0.00000000
0.31120655
0.72203952
0.00000000
0.00000000
0.00000000
0.00000000
0.00000000
0.00000000
0.00000000
0.00000000
0.16661915
0.00000000
0.00000000
0.00000000
0.00000000
0.00000000
0.00000000
0.00000000
0.18069869
0.21334918
0.00000000
0.00000000
0.00000000
0.00000000
0.00000000
0.00000000
0.00000000
0.00000000
0.11255046
0.07836491
0.00000000
0.00000000
0.28993136
0.51265228
0.76751941
0.65306199
0.48068336
0.00000000
0.00000000
0.00000000
0.00000000
0.00000000
0.00000000
0.00000000
0.00000000
0.00000000
0.00000000
0.00000000
0.14614737
0.40818366
0.43502748
0.32512105
0.00000000
0.00000000
0.00000000
0.00000000
0.00000000
0.00000000
0.00000000
0.00000000
0.00000000
0.00000000
0.00000000
0.00000000
0.00000000
0.00000000
0.00000000
0.00000000
0.00000000
0.00000000
0.00000000
0.00000000
0.00000000
0.00000000
0.00000000
0.00000000
0.00000000
0.23300248
0.40650266
0.12238134
0.00000000
0.00000000
0.00000000
0.00000000
0.00000000
0.00000000
0.00000000
0.00000000
0.00000000
0.00000000
0.00000000
0.00000000
0.00000000
0.00000000
0.00000000
0.29123986
0.16623794
0.35239935
0.27253959
0.00000000
0.00000000
0.00000000
0.00000000
0.00000000
0.00000000
0.00000000
0.00000000
0.00000000
0.00000000
0.00000000
0.00000000
0.00000000
0.00000000
0.04215874
0.21192771
0.36582315
0.22140887
0.42050695
0.02849711
0.00000000
0.00000000
0.00000000
0.00000000
0.00000000
0.00000000
0.00000000
0.00000000
0.00000000
0.00000000
0.01808859
0.00000000
0.26652107
0.48042247
0.71398330
0.56609774
0.66829306
0.35540622
0.19969052
0.00581762
0.00000000
0.00000000
0.00000000
0.00000000
0.07335244
0.10795058
0.30499849
0.57322907
0.66674495
0.00000000
0.00000000
0.00000000
0.02755749
0.01076385
0.00509977
0.00000000
0.02728119
0.18595803
0.13361424
0.10195494
0.00000000
0.00000000
0.00000000
0.00000000
0.00000000
0.00000000
0.00000000
0.00000000
0.00000000
0.00000000
0.03683549
0.08245522
0.09529737
0.01837403
0.02747974
0.00000000
0.00000000
0.00000000
0.00000000
0.06360519
0.03350022
0.05016008
0.08149627
0.03938168
0.03087905
0.00000000
0.00000000
0.00000000
0.00000000
0.00000000
0.00000000
0.00000000
0.06333077
0.18594390
0.02644628
0.00000000
0.08865365
0.09699211
0.00000000
0.00000000
0.00000000
0.00000000
0.00000000
0.00000000
0.00000000
0.00000000
0.00000000
0.00000000
0.00000000
0.20671970
0.14962372
0.80748731
0.54379833
0.51809651
0.58778822
0.30240831
0.09494326
0.06265971
0.00000000
0.00000000
0.00000000
0.00000000
0.00000000
0.00000000
0.00000000
0.00000000
0.00000000
0.43762201
0.44618616
0.81647742
0.76101649
0.77821171
0.75267601
0.70620990
0.51170975
0.28310260
0.02702957
0.00000000
0.00000000
0.00000000
0.00000000
0.00000000
0.00000000
0.00000000
0.21256003
1.68730354
2.51235080
2.11343098
1.62997913
1.38624072
0.35747355
0.47000349
1.19506979
1.99527049
1.51084423
0.00000000
0.00000000
0.00000000
0.00000000
0.00000000
0.00000000
0.00000000
0.00000000
0.77465248
0.82854438
0.49153879
0.19060221
0.24856031
0.00000000
0.13914484
0.50172085
0.63525289
0.00146365
0.00000000
0.00000000
0.00000000
0.00000000
0.00000000
0.00000000
0.00000000
0.00000000
0.06246886
0.07780722
0.00000000
0.00000000
0.00000000
0.00000000
0.07900587
0.00000000
0.00000000
0.00000000
0.00000000
0.00000000
0.00000000
0.00000000
0.00000000
0.00000000
0.00000000
0.00000000
0.00000000
0.00000000
0.20513636
0.68562734
0.92547441
0.66639167
0.13846183
0.00000000
0.00000000
0.00000000
0.00000000
0.00000000
0.00000000
0.00000000
0.00000000
0.00000000
0.00000000
0.00000000
0.00000000
0.00000000
0.00000000
0.00000000
0.00000000
0.00000000
0.00000000
0.00000000
0.00000000
0.00000000
0.00000000
0.00000000
0.00000000
0.53649765
0.83588129
0.19306427
0.00000000
0.00000000
0.00000000
0.00000000
0.00000000
0.00000000
0.00000000
0.00000000
0.00000000
0.00000000
0.00000000
0.00000000
0.00000000
0.00000000
0.00000000
0.79611731
1.21270680
0.89863116
0.40913686
0.00000000
0.00000000
0.00000000
0.00000000
0.00000000
0.00000000
0.00000000
0.00000000
0.00000000
0.00000000
0.00000000
0.00000000
0.00000000
0.00000000
0.39888525
1.10661840
1.42614067
1.00567317
0.54597950
0.06525636
0.00000000
0.00000000
0.00000000
0.00000000
0.00000000
0.00000000
0.00000000
0.00000000
0.00000000
0.00000000
0.17402974
0.00000000
0.24593818
0.79986495
1.33479857
0.87265396
0.59705293
0.64824438
0.30507463
0.00000000
0.00000000
0.00000000
0.00000000
0.02424452
0.04662398
0.15430272
0.32180369
0.59230000
0.71634865
0.00000000
0.30047601
0.00000000
0.02342889
0.03482123
0.04695102
0.00000000
0.00000000
0.00000000
0.13172668
0.18631563
0.05001228
0.01746165
0.00563024
0.01385091
0.02100655
0.04527454
0.04114324
1.69479406
0.63024366
0.07747968
0.35323858
0.39338040
0.38583136
0.27778441
0.38912815
0.52346104
0.77125007
0.23166448
0.66781974
0.43693775
0.46575797
0.43973500
0.37299860
0.41855925
0.48309416
2.60338020
0.84888679
0.52107692
0.89643353
0.85234857
0.87449795
0.65745991
0.42710018
0.00000000
0.00000000
0.00000000
0.00000000
0.36671454
0.74285644
0.88432038
0.86529273
0.90387356
0.93694443
3.19813466
0.82582319
0.49625802
0.83306134
0.79979819
0.65617204
0.00000000
0.00000000
0.00000000
0.00000000
0.00000000
0.00000000
0.00000000
0.00000000
0.25145316
0.61323756
0.84709275
0.88232571
3.20186949
0.81120098
0.52508265
0.82059050
0.88028646
0.40551525
0.00000000
0.00000000
0.00000000
0.00000000
0.00000000
0.00000000
0.00000000
0.00000000
0.00000000
0.00000000
0.79753268
0.83319199
3.21332955
0.81959480
0.49738175
0.79710686
0.71140456
0.67046529
0.05976911
0.05686308
0.19382237
0.00000000
0.00000000
0.00000000
0.00000000
0.00000000
0.02997442
0.00836698
0.44318336
0.95947462
3.20631313
0.78648478
0.49386752
0.74969769
0.84819740
0.39805788
0.86374164
0.00000000
0.00000000
0.00000000
0.00000000
0.00000000
0.00000000
0.00000000
0.35156143
0.24677138
0.59654868
0.92927396
3.09503436
0.79956371
0.43468964
0.75125742
0.81720704
0.64731127
0.53964990
0.00000000
0.00000000
0.00000000
0.00000000
0.00000000
0.00000000
0.00000000
0.51034808
0.84968364
0.76808125
0.84966701
3.06901050
0.67483032
0.46292603
0.64805633
0.73929060
0.79515761
0.72015524
0.73880243
0.51832312
0.33683193
0.28889614
0.20674269
0.38371003
0.60275924
0.87135327
0.91991711
0.83368289
0.82817608
3.11813879
0.03260780
0.28843874
0.62736326
0.66370934
0.82844466
0.83031899
0.70665246
0.89939010
0.76721382
0.72973990
0.78798097
0.87870359
0.98393393
0.98720199
0.90217912
0.84480858
0.91328084
3.13525867
1.46210086
0.00000000
0.33246315
0.61409241
0.62627447
0.86492753
0.70183516
0.82166135
0.87749219
0.83689225
1.07997012
1.10932446
1.12723863
0.90341783
0.84608042
0.85390246
0.84899968
3.09545612
1.36861169
1.33601809
0.00000000
0.22886887
0.38815176
0.76364762
0.70788634
0.82565123
0.75680137
0.78267729
0.61478633
0.98445737
0.88135475
0.97551632
0.79333836
0.80069482
0.75267470
2.70579386
1.11511588
1.45345783
1.48979902
0.62043744
0.15605429
0.37704128
0.43442619
0.84196341
0.77099466
0.58749908
0.56939125
0.79712623
0.79430968
0.82908189
0.70538670
0.47388244
0.42587698
1.90618384
0.96758169
1.24726772
1.99525023
0.10104930
1.23894811
0.34756202
0.47392112
0.85766244
0.93169749
0.77339512
0.85018378
0.86404020
0.87754881
0.91721243
0.75038773
0.59683400
0.67243320
1.72059977
0.00000000
0.00000000
0.00000000
0.00000000
0.00000000
0.00000000
0.00000000
0.00000000
0.00000000
0.00000000
0.00000000
0.00000000
0.00000000
0.00000000
0.00000000
0.00000000
0.00000000
0.00000000
0.00000000
0.00000000
0.00000000
0.00000000
0.00000000
0.00000000
0.00000000
0.00000000
0.00000000
0.00000000
0.00000000
0.00000000
0.00000000
0.00000000
0.00000000
0.00000000
0.00000000
0.00000000
0.00000000
0.00000000
0.00000000
0.00000000
0.00000000
0.00000000
0.00000000
0.00000000
0.00000000
0.00000000
0.00000000
0.00000000
0.00000000
0.00000000
0.00000000
0.00000000
0.00000000
0.00000000
0.00000000
0.00000000
0.00000000
0.00000000
0.00000000
0.02175593
0.42799878
0.65171689
0.24404320
0.08125895
0.23486450
0.00020260
0.05293536
0.00000000
0.00000000
0.00000000
0.00000000
0.00000000
0.00000000
0.00000000
0.00000000
0.00000000
0.15797466
0.00000000
0.37670767
0.73055714
0.75724000
0.45134193
0.92012346
0.77036160
0.00000000
0.45023853
0.00000000
0.00000000
0.00000000
0.00000000
0.00000000
0.00000000
0.00000000
0.00000000
0.25276786
0.01026773
0.66835779
1.01138330
1.17804575
1.18203664
0.65960342
1.96806431
1.45149136
0.08997595
0.63898677
0.51573014
0.00000000
0.00000000
0.00000000
0.00000000
0.00000000
0.00000000
0.00000000
0.78672612
0.90782356
0.95780611
1.44496989
1.30658615
1.17438483
1.93085253
0.97437727
0.81298840
0.73428136
0.00000000
0.00000000
0.00000000
0.00000000
0.00000000
0.00000000
0.00000000
0.00000000
0.00380039
0.70000160
0.77544028
0.78443855
0.65540266
0.00000000
0.43622980
0.20080614
0.00000000
0.00000000
0.00000000
0.00000000
0.00000000
0.00000000
0.00000000
0.00000000
0.00000000
0.00000000
0.00000000
0.00000000
0.06130248
0.00000000
0.00000000
0.00000000
0.00000000
0.00000000
0.00000000
0.00000000
0.00000000
0.00000000
0.00000000
0.00000000
0.00000000
0.00000000
0.00000000
0.00000000
0.00000000
0.00000000
0.00000000
0.00000000
0.00000000
0.00000000
0.00000000
0.00000000
0.00000000
0.00000000
0.00000000
0.00000000
0.00000000
0.00000000
0.00000000
0.20151597
0.00000000
0.00000000
0.00000000
0.00000000
0.00000000
0.00000000
0.00000000
0.00000000
0.00000000
0.00000000
0.00000000
0.00000000
0.00000000
0.00000000
0.00000000
0.00000000
0.00000000
0.00000000
0.15840578
0.00000000
0.00000000
0.00000000
0.00000000
0.00000000
0.00000000
0.00000000
0.00000000
0.00000000
0.00000000
0.00000000
0.00000000
0.00000000
0.00000000
0.00000000
0.00000000
0.00000000
0.00000000
0.00000000
0.00000000
0.00000000
0.00000000
0.00000000
0.00000000
0.00000000
0.00000000
0.00000000
0.00000000
0.00000000
0.00000000
0.00000000
0.00000000
0.00000000
0.00000000
0.00000000
0.00000000
0.00000000
0.00000000
0.00000000
0.00000000
0.00000000
0.00000000
0.00000000
0.00000000
0.00000000
0.00000000
0.00000000
0.00000000
0.00000000
0.00000000
0.00000000
0.00000000
0.00000000
0.00000000
0.00000000
0.00000000
0.00000000
0.00000000
0.00000000
0.00000000
0.00000000
0.00000000
0.00000000
0.00000000
0.00000000
0.00000000
0.00000000
0.00000000
0.00000000
0.00000000
0.00000000
0.00000000
0.00000000
0.00000000
0.00000000
0.00000000
0.00000000
0.00000000
0.00000000
0.00000000
0.00000000
0.00000000
0.00000000
0.00000000
0.00000000
0.00000000
0.00000000
0.00000000
0.00000000
0.00000000
0.00000000
0.00000000
0.27642149
0.00000000
0.00000000
0.00000000
0.00000000
0.00000000
0.00000000
0.00000000
0.00000000
0.00000000
0.00000000
0.00000000
0.00000000
0.00000000
0.00000000
0.00000000
0.06027479
0.33838740
0.59339404
0.03828242
0.01102627
0.00000000
0.00000000
0.00000000
0.00000000
0.01871815
0.00000000
0.00000000
0.00000000
0.00000000
0.00000000
0.00000000
0.00000000
0.00000000
0.04499120
0.00000000
0.00000000
0.00000000
0.00000000
0.00000000
0.00000000
0.00000000
0.00000000
0.00000000
0.00000000
0.00000000
0.00000000
0.00000000
0.00000000
0.00000000
0.00000000
0.00000000
0.10033602
0.00000000
0.01963097
0.28877559
0.36373869
0.00000000
0.00000000
0.00000000
0.00000000
0.00000000
0.00000000
0.00000000
0.00000000
0.00000000
0.00000000
0.00000000
0.00000000
0.00000000
0.11769781
0.50430399
0.51629031
0.28190058
0.53999066
0.06796835
0.00000000
0.00000000
0.00000000
0.00000000
0.00000000
0.00000000
0.00000000
0.00000000
0.00000000
0.00000000
0.00000000
0.00000000
0.00000000
0.00000000
0.00000000
0.00000000
0.00000000
0.00000000
0.00000000
0.00000000
0.00000000
0.00000000
0.00000000
0.00000000
0.00000000
0.00000000
0.00000000
0.00000000
0.00000000
0.00000000
0.00000000
0.00000000
0.00304079
0.00000000
0.00000000
0.00000000
0.00000000
0.00000000
0.00000000
0.00000000
0.00000000
0.00000000
0.00000000
0.00000000
0.00000000
0.00000000
0.00000000
0.00000000
0.00000000
0.00000000
0.00000000
0.00000000
0.00000000
0.00000000
0.00000000
0.00000000
0.00000000
0.00000000
0.00000000
0.00000000
0.00000000
0.00000000
0.16022059
0.19562694
0.00000000
0.00000000
0.00000000
0.00000000
0.00000000
0.00000000
0.00000000
0.00000000
0.00000000
0.00000000
0.00000000
0.00000000
0.00000000
0.00000000
0.00000000
0.00000000
0.04673809
0.88088834
0.33593264
0.00000000
0.00000000
0.00000000
0.00000000
0.00000000
0.00000000
0.00000000
0.00000000
0.00000000
0.00000000
0.00000000
0.00000000
0.00000000
0.00000000
0.00000000
0.00000000
0.63124973
0.89766270
0.66377515
0.00000000
0.00000000
0.00000000
0.00000000
0.00000000
0.00000000
0.00000000
0.00000000
0.00000000
0.00000000
0.00000000
0.00000000
0.00000000
0.00000000
0.00000000
0.60400301
0.65337855
0.80045801
0.24379787
0.00000000
0.00000000
0.00000000
0.00000000
0.00000000
0.00000000
0.00000000
0.00000000
0.00000000
0.00000000
0.00000000
0.00000000
0.00000000
0.00000000
0.00000000
0.00000000
0.00000000
0.00000000
0.00000000
0.00000000
0.00000000
0.00000000
0.00000000
0.00000000
0.00000000
0.00000000
0.00000000
0.00000000
0.00000000
0.00000000
0.00000000
0.45600691
0.53776705
0.50367737
0.46438804
0.45544875
0.60084319
0.56582558
0.57273519
0.42371804
0.82271791
0.24722779
0.55610329
0.47728986
0.44730547
0.45804837
0.38590860
0.40465122
0.79015368
0.74220133
0.80710089
0.66082704
0.67914033
0.66262388
0.70467353
0.50565553
0.31809616
0.29499543
0.34557354
0.00000000
0.04212642
0.21235061
0.43612120
0.65622425
0.61583257
0.60096443
1.24728096
0.74308485
0.78566152
0.65829813
0.65509903
0.58531868
0.15425044
0.00000000
0.00000000
0.00000000
0.00000000
0.00000000
0.00000000
0.00000000
0.00000000
0.43379664
0.44521219
0.59886932
1.25977516
0.72529709
0.80689633
0.69425619
0.70335090
0.58107448
0.00000000
0.00000000
0.00000000
0.00000000
0.12571895
0.00000000
0.00000000
0.00000000
0.00000000
0.00000000
0.19009542
0.55557311
1.23923826
0.68059558
0.81431764
0.71845651
0.76169479
0.27470517
0.90575951
1.22456467
0.84417558
0.31500739
0.44570795
0.75976717
0.61447769
0.78128046
0.81405413
1.19056106
0.51611775
0.67554939
1.17060673
0.71818399
0.78332537
0.73952705
0.72540724
0.86655790
0.62562960
0.46365094
0.08398271
0.00000000
0.16041040
0.04295295
0.00000000
0.00000000
0.42001715
0.49970174
0.46344414
0.68736190
1.31081653
0.67188370
0.73312980
0.66599679
0.60818404
0.58946276
0.73085093
1.31072927
1.32808781
0.66760224
0.97610402
0.93696463
0.88922566
1.44199824
1.08590961
0.47587344
0.64305270
0.63359696
1.34222412
0.77852041
0.66349304
0.72450435
0.65338635
0.64320457
0.68846881
0.76524955
1.04235446
1.07003736
1.16699648
1.23527515
1.11435437
0.81667131
0.66391772
0.59395111
0.65450549
0.68461788
1.32427263
1.29675293
0.46190283
0.54328549
0.78672516
0.62139618
0.64260811
0.80352795
0.68778217
0.73954260
0.77488506
0.81166899
0.75837612
0.67053413
0.55453944
0.67433918
0.74609846
0.69160491
1.26537955
0.55555469
1.34116697
0.70489645
0.51250792
0.63231003
0.56890541
0.79036725
0.76068550
0.77829283
0.69407499
0.55095506
0.64216214
0.60091305
0.67671740
0.76670730
0.76874608
0.68306959
1.15899241
0.06468648
1.01219165
1.36290956
0.86302888
0.55860746
0.53731120
0.67636669
0.62879658
0.72344184
0.52475798
0.68169439
0.48340937
0.62578255
0.54049325
0.72674781
0.59507239
0.50779873
1.01658690
0.19172943
0.40671167
0.72180891
1.02097285
1.00378644
0.57789409
0.57172185
0.36409882
0.64090103
0.64204997
0.58130360
0.49272510
0.66002798
0.52660173
0.55151224
0.45795140
0.38766304
1.18992627
0.11860949
0.00000000
0.00000000
0.04363722
0.00000000
0.47868994
0.30916554
0.06389976
0.07816964
0.13937712
0.00000000
0.00000000
0.00000000
0.00000000
0.00000000
0.00000000
0.05339855
0.26734161
0.53475457
0.12671757
0.00000000
0.00000000
0.00000000
0.00000000
0.00000000
0.00000000
0.00000000
0.00000000
0.00000000
0.00000000
0.00000000
0.00000000
0.00000000
0.00000000
0.00000000
1.04028535
0.14226231
0.00000000
0.00000000
0.00000000
0.00000000
0.00000000
0.00000000
0.00000000
0.00000000
0.00000000
0.00000000
0.00000000
0.00000000
0.00000000
0.00000000
0.00000000
0.00000000
0.28259793
0.42557207
0.44491759
0.11938898
0.09955832
0.11220416
0.10220383
0.13255945
0.00000000
0.08664699
0.00000000
0.00000000
0.00000000
0.00000000
0.18540436
0.10745403
0.10175577
0.10338466
0.35407639
0.42015892
0.41817749
0.08409342
0.08220962
0.13130550
0.12073606
0.00000000
0.00000000
0.00000000
0.00000000
0.00000000
0.00000000
0.00000000
0.00000000
0.05292493
0.07750866
0.12894918
0.43306503
0.44577765
0.46409786
0.12372032
0.16110414
0.68928587
0.00000000
0.00000000
0.00000000
0.00000000
0.00000000
0.00000000
0.00000000
0.00000000
0.00000000
0.00000000
0.00000000
0.01992428
0.37470269
0.49656722
0.41881239
0.11086851
0.13540801
0.81734985
0.00000000
0.00000000
0.00000000
0.00000000
0.00000000
0.00000000
0.00000000
0.00000000
0.00000000
0.00000000
0.00000000
0.14378601
0.33237576
0.46152532
0.45886078
0.12499106
0.05453062
0.51837718
0.40335789
0.00000000
0.00000000
0.00000000
0.00000000
0.00000000
0.00000000
0.00000000
0.00000000
0.00000000
0.12864588
0.23251966
0.30818054
0.47631705
0.52825141
0.18312113
0.08033420
0.34616148
0.12853926
0.00000000
0.00000000
0.00000000
0.00000000
0.00000000
0.00000000
0.00000000
0.00000000
0.00000000
0.04409473
0.24295555
0.34460032
0.20303996
0.35836142
0.19725871
0.01068687
0.05474772
0.23764858
0.07138355
0.00000000
0.00000000
0.00000000
0.00000000
0.00000000
0.12178448
0.18617307
0.15488890
0.13747749
0.23598133
0.42888409
0.00000000
0.04730296
0.09379716
0.21518889
0.18409032
0.13441284
0.14346996
0.13867939
0.00000000
0.00000000
0.00000000
0.00000000
0.06531897
0.22615141
0.18844295
0.14685582
0.10663404
0.37986681
0.00000000
0.38253039
0.00000000
0.06878029
0.29690069
0.16060475
0.10083097
0.17780599
0.21257585
0.18712193
0.08463894
0.00000000
0.00000000
0.12086999
0.19496956
0.14014375
0.14672883
0.38269794
0.00000000
0.31010637
0.45288667
0.00000000
0.00000000
0.14801750
0.22229584
0.21518067
0.13622518
0.06959601
0.18784001
0.13920170
0.04451303
0.09363806
0.16467606
0.19153157
0.24617411
0.48313960
0.00000000
0.39303905
0.14922732
0.30173430
0.44162136
0.03000839
0.21385780
0.24925025
0.22585146
0.13168360
0.13286445
0.25205982
0.27469268
0.26202735
0.20607564
0.22746599
0.17709398
0.21297447
0.00000000
0.00000000
0.00000000
0.00000000
0.29976362
0.55229640
0.63026452
0.93437815
1.18045795
1.09575152
1.04322553
1.07270336
1.01635337
0.84685570
0.54901034
0.44613373
0.89061666
0.75570595
0.45784232
0.00000000
0.00000000
0.00000000
0.00000000
0.00000000
0.00000000
0.00000000
0.00000000
0.00000000
0.00000000
0.00000000
0.00000000
0.00000000
0.00000000
0.00000000
0.00000000
0.00000000
0.00000000
0.00000000
0.20198596
0.26420516
0.24819002
0.23487183
0.48189795
0.47358727
0.36063880
0.26944163
0.07046527
0.28238708
0.24431878
0.27738640
0.33487803
0.32746774
0.28797662
0.00000000
0.00000000
0.00000000
0.00000000
0.00000000
0.00000000
0.13330013
0.47685590
0.81027794
0.69809622
0.71776557
0.78105843
0.76868927
0.42769924
0.29330429
0.15288055
0.08619440
0.07468939
0.00000000
0.00000000
0.00000000
0.00000000
0.01618457
0.24171370
0.84944987
2.16609669
2.17950439
2.21001053
2.33826256
1.98015296
1.89038670
1.55222893
1.00324202
0.46386790
0.19327298
0.11128336
0.00000000
0.00000000
0.00000000
0.00000000
0.00000000
0.48027349
2.21552157
2.45601130
2.84449053
2.82430983
2.45338106
2.57049704
2.36515450
2.28579950
2.17529488
1.24765563
0.44737306
0.17185324
0.00000000
0.00000000
0.00000000
0.00000000
0.00000000
0.44068524
0.52281946
1.29143989
1.22557735
1.44380355
1.33305001
1.75366175
1.21934533
1.22066081
1.01370430
0.84363824
0.64656132
0.00000000
0.00000000
0.00000000
0.00000000
0.00000000
0.00000000
0.00000000
0.95897388
1.99708223
1.80823731
1.81253064
1.67619348
1.54826355
1.82640994
1.76299179
1.33895814
1.43038261
0.01343232
0.00000000
0.00000000
0.00000000
0.00000000
0.00000000
0.04527748
0.09545445
0.73453134
1.29783416
1.80095112
2.08218455
2.22374415
2.18926239
2.12983465
1.71753263
1.49690485
0.65613520
0.26136005
0.00224411
0.00000000
0.00000000
0.00000000
0.05731660
0.10651052
0.10678256
0.06374902
0.16087532
0.48338884
0.65029049
0.71393341
0.44744432
0.41351348
0.10900694
0.00000000
0.12369949
0.15279138
0.02090102
0.00000000
0.44227988
0.04609698
0.01244187
0.00000000
0.00000000
0.00000000
0.00000000
0.00000000
0.01330858
0.17470634
0.09501874
0.00000000
0.00000000
0.00000000
0.00000000
0.00000000
0.00000000
0.00000000
0.91370118
1.18269372
0.67408562
0.21487853
0.00000000
0.03136998
0.00000000
0.00000000
0.00000000
0.00000000
0.00000000
0.00000000
0.00000000
0.00000000
0.00000000
0.00000000
0.00000000
0.00000000
0.34902504
1.10355306
1.36374807
0.89833301
0.35863850
0.04497719
0.00000000
0.00000000
0.14867914
0.19501740
0.12990206
0.16644788
0.17301732
0.07112914
0.03226036
0.04596633
0.18760383
0.00000000
0.39571515
0.72510540
1.04765010
1.47397375
0.99961805
0.50258899
0.24728388
0.12499124
0.11861742
0.18625110
0.22511983
0.17107314
0.15934938
0.14722013
0.25029814
0.39640373
0.65694511
0.00000000
0.78697914
1.46201003
1.53559923
1.51928544
0.97274941
1.05730534
0.40732601
0.00000000
0.00000000
0.00000000
0.00000000
0.00000000
0.00000000
0.06800437
0.51050013
0.65125984
0.32582301
0.00000000
0.11263573
0.58493024
0.47035456
0.47367966
0.48973802
0.42969280
0.23664992
0.00000000
0.08982347
0.10852882
0.49747491
0.49135351
0.58044046
0.56074750
0.52145547
0.52823383
0.50517231
0.00000000
0.00000000
0.00000000
0.00000000
0.00000000
0.00000000
0.00000000
0.00000000
0.00000000
0.00000000
0.00000000
0.00000000
0.00000000
0.00000000
0.00000000
0.00000000
0.00000000
0.00000000
0.00000000
0.00000000
0.00000000
0.00000000
0.00000000
0.00000000
0.00000000
0.01972020
0.77811205
0.57745421
0.57897574
1.11694717
0.35811594
0.09565638
0.00000000
0.00000000
0.00000000
0.00000000
0.00000000
0.00000000
0.00000000
0.00000000
0.00000000
0.00000000
0.62550163
2.35173059
3.12981296
2.50306201
3.10111046
2.71645689
1.94807708
1.23536766
0.42222559
0.00000000
0.00000000
0.00000000
0.00000000
0.00000000
0.00000000
0.00000000
0.00000000
0.52149010
2.62801623
3.86553407
3.25085735
3.25415516
2.66620231
2.43674159
2.64605474
2.98674059
2.73805237
0.97712266
0.04839712
0.00000000
0.00000000
0.00000000
0.00000000
0.00000000
0.00000000
0.49372387
1.27352786
1.24178064
1.05249166
1.46884739
1.54073584
1.74325097
2.05763841
1.46738398
1.60471356
0.93049389
0.10549988
0.00000000
0.00000000
0.00000000
0.00000000
0.00000000
0.00000000
0.13807663
1.22490788
2.46723223
2.60771847
2.57277012
2.25115967
2.64743662
2.63553548
2.67665410
1.52517343
1.27446735
0.24208984
0.00000000
0.00000000
0.00000000
0.00000000
0.00000000
0.00000000
0.00000000
0.18288815
1.00499058
1.83638215
2.87677455
2.74951005
2.62567186
2.36848903
1.43775368
0.89296591
0.39500204
0.00000000
0.00000000
0.00000000
0.00000000
0.00000000
0.00000000
0.00000000
0.00000000
0.00000000
0.00000000
0.27449936
0.39580363
0.39719969
0.26057947
0.00000000
0.00000000
0.00000000
0.00000000
0.00000000
0.00000000
0.00000000
0.00000000
0.26651362
0.00000000
0.00000000
0.00000000
0.00000000
0.00000000
0.00000000
0.00000000
0.00000000
0.00000000
0.00000000
0.00000000
0.00000000
0.00000000
0.00000000
0.00000000
0.00000000
0.63557804
0.83523065
0.29760045
0.00000000
0.00000000
0.00000000
0.00000000
0.00000000
0.00000000
0.00000000
0.00000000
0.00000000
0.00000000
0.00000000
0.00000000
0.00000000
0.00000000
0.00000000
0.00000000
0.49590355
0.96431941
0.39609253
0.02468643
0.00000000
0.00000000
0.00000000
0.00000000
0.09392489
0.00000000
0.00000000
0.00000000
0.00000000
0.00000000
0.00000000
0.00000000
0.00000000
0.00000000
0.00000000
0.63592809
0.74411625
0.53633618
0.21436855
0.00000000
0.00000000
0.00000000
0.00000000
0.08519323
0.00000000
0.00000000
0.00000000
0.00000000
0.22482891
0.61397696
0.28092057
0.00000000
0.00000000
0.16640809
0.00000000
0.63265729
0.42816669
0.00000000
0.00000000
0.00000000
0.00000000
0.00000000
0.00000000
0.00000000
0.00000000
0.31992906
0.65485829
0.29349026
0.00000000
0.00000000
0.00000000
0.00000000
0.00000000
0.00000000
0.00000000
0.00000000
0.00000000
0.00000000
0.00000000
0.00000000
0.00000000
0.00000000
0.00000000
0.00000000
0.00000000
0.00000000
0.00000000
0.38716388
1.06223619
1.03617775
1.02428865
1.08345437
0.94354236
1.16732347
0.72862089
0.71374714
0.55072916
1.40783513
1.20279098
1.31434953
1.30632007
1.18774903
1.18010068
1.17130077
0.00000000
0.04586768
0.73876476
0.61662412
0.49452734
0.56816047
0.59638953
1.06134963
1.18704486
1.37340879
1.41683042
1.77277315
1.16138661
0.80489635
0.79299963
0.69846117
0.73913866
0.71960682
0.00000000
0.02484274
0.73144674
0.51613599
0.48668924
0.86510903
1.05734038
0.75038576
0.92569458
0.01817510
0.45256621
0.97950113
0.43031085
1.21186662
1.00850451
0.86697114
0.82698870
0.72832704
0.00000000
0.09138840
0.69234431
0.51710361
0.51872396
1.38959622
0.71148980
0.91629982
0.43841654
0.23982170
0.35393733
0.03167647
0.00000000
0.06762549
1.49505293
1.45580649
1.19467628
0.70082957
0.00000000
0.11318645
0.59810162
0.48188341
0.45475471
1.10352898
0.84538972
0.96243453
1.21479475
1.05470085
1.03003371
0.79403174
1.96387827
0.92246354
0.88434070
1.08899188
0.91696382
0.93857610
0.00000000
0.10715792
0.66982317
0.53263104
0.48327050
0.83514595
2.02382827
1.01325893
0.77093565
1.01214445
1.11745334
1.36457932
2.05497456
1.08493006
0.75747120
0.82440728
1.15330076
0.79441833
0.00000000
0.08709466
0.63320708
0.60930383
0.52050120
0.77973241
1.16772461
1.02534318
1.03883195
1.71116757
1.64189887
1.51338482
2.14264059
1.22612035
1.35128772
1.43873250
0.93770957
0.80514628
0.00000000
0.15773466
0.76788241
0.49804729
0.51226962
0.64438617
0.58111221
0.69625860
1.10591125
1.05049539
1.00455523
0.89035785
0.81719005
1.13791609
1.04617083
0.82455945
0.73703468
0.76937878
0.00000000
0.29873312
1.23835349
0.69168419
0.43516210
0.63123494
0.58518237
0.38646701
0.57252508
0.18489552
0.00000000
0.10314339
0.14865601
0.56059772
0.67034912
0.68463373
0.68567914
0.61874819
0.00000000
0.49150893
0.62074506
1.06213808
0.74748027
0.56221771
0.71160817
0.46268770
0.68041694
0.77402759
0.97642452
1.30489874
1.01302660
0.71945035
0.61527205
0.57901722
0.59985524
0.60532242
0.00000000
0.17051339
0.47848627
0.61308092
0.97211623
0.83331490
0.65219265
0.55761594
0.61948109
0.73902810
1.08216846
1.12722659
1.23189366
0.80538195
0.82223684
0.55111068
0.70200676
0.87261224
0.00000000
0.00000000
0.00114810
0.41710949
0.44695002
0.63044655
0.85305202
0.74895084
0.80944085
0.69503838
0.81784737
0.96638775
1.07563925
0.88736153
0.90773439
0.82264066
1.10947740
1.16021013
0.00000000
0.00000000
0.00000000
0.00000000
0.00000000
0.58251673
0.00000000
0.17646044
0.31789774
0.23552181
0.14336079
0.21488443
0.15455720
0.24679534
0.39570192
0.69660592
0.56459951
0.24046494
0.00000000
0.12631018
0.84045696
0.79550278
0.80703437
0.80578041
0.65374064
0.60766006
0.43506885
0.50106966
0.52639788
0.86801612
0.80348521
0.88738465
0.86402285
0.84165156
0.85694385
0.84419942
0.00000000
0.00000000
0.00000000
0.00000000
0.00000000
0.00000000
0.00000000
0.00000000
0.00000000
0.00000000
0.00000000
0.00000000
0.00000000
0.00000000
0.00000000
0.00000000
0.00000000
0.00000000
0.00000000
0.00000000
0.00000000
0.00000000
0.00000000
0.00000000
0.00000000
0.00000000
0.07254522
0.00000000
0.12311076
0.00000000
0.00000000
0.00000000
0.00000000
0.00000000
0.00000000
0.00000000
0.00000000
0.00000000
0.00000000
0.00000000
0.00000000
0.00000000
0.00000000
0.65731430
0.56129456
0.24758264
0.20181412
0.00000000
0.14154136
0.09925964
0.00937352
0.00000000
0.00000000
0.00000000
0.00000000
0.00000000
0.00000000
0.00000000
0.00000000
0.00000000
0.11853366
0.53558004
0.52568167
0.66863620
0.33252451
0.27163547
0.18794438
0.00000000
0.45712820
0.13907976
0.00000000
0.00000000
0.00000000
0.00000000
0.00000000
0.00000000
0.00000000
0.00000000
0.00000000
0.00000000
0.10135826
0.47080505
0.76522446
0.54756486
0.65236634
0.17072120
0.00000000
0.00000000
0.00000000
0.00000000
0.00000000
0.00000000
0.00000000
0.00000000
0.00000000
0.00000000
0.23732379
1.66151714
1.72417605
1.59059250
1.72066295
1.88147509
2.21035075
1.54214036
1.62030864
1.76540291
0.13231134
0.00000000
0.00000000
0.00000000
0.00000000
0.00000000
0.00000000
0.00000000
0.00000000
0.00000000
0.10432376
0.39291355
0.41944313
0.00000000
0.00000000
0.00000000
0.00000000
0.00000000
0.00000000
0.00000000
0.00000000
0.00000000
0.00000000
0.00000000
0.00000000
0.00000000
0.00000000
0.00000000
0.13778491
0.00000000
0.00000000
0.00000000
0.00000000
0.00000000
0.00000000
0.00000000
0.00000000
0.00000000
0.00000000
0.00000000
0.00000000
0.00000000
0.00000000
0.00000000
0.00000000
0.00000000
0.00000000
0.00000000
0.00000000
0.00000000
0.00000000
0.00000000
0.00000000
0.00000000
0.00000000
0.00000000
0.00000000
0.00000000
0.00000000
0.07919458
0.00000000
0.00000000
0.00000000
0.00000000
0.00000000
0.00000000
0.00000000
0.00000000
0.00000000
0.00000000
0.00000000
0.00000000
0.00000000
0.00000000
0.00000000
0.00000000
0.00000000
0.00000000
0.00000000
0.00000000
0.00000000
0.00000000
0.00000000
0.00000000
0.00000000
0.00000000
0.00000000
0.00000000
0.00000000
0.00000000
0.00000000
0.00000000
0.00000000
0.00000000
0.00000000
0.00000000
0.00000000
0.03225708
0.00000000
0.00000000
0.00000000
0.00000000
0.00000000
0.00000000
0.00000000
0.00000000
0.00000000
0.00000000
0.00000000
0.00000000
0.00000000
0.00000000
0.00000000
0.00000000
0.23461986
0.33314571
0.64250630
0.61100066
0.54081380
0.70564902
0.83087099
0.72236049
0.75380814
0.74965769
0.79185140
0.78807157
0.59085524
0.22714052
0.00000000
0.00000000
0.00000000
0.00000000
0.00000000
0.00000000
0.00000000
0.00000000
0.00000000
0.00000000
0.00000000
0.00000000
0.00000000
0.00000000
0.00000000
0.00000000
0.00000000
0.00000000
0.00000000
0.00000000
0.00000000
0.00000000
0.00000000
0.00000000
0.00000000
0.00000000
0.00000000
0.00000000
0.00000000
0.00000000
0.00000000
0.00000000
0.00000000
0.00000000
0.00000000
0.00000000
0.00000000
0.00000000
0.00000000
0.00000000
0.00000000
0.00000000
0.00000000
0.31426102
0.64718038
0.54765773
0.41693756
0.14119947
0.12230963
0.00000000
0.00000000
0.00000000
0.00000000
0.00000000
0.00000000
0.00000000
0.00000000
0.00000000
0.00000000
0.00000000
0.58498383
1.10375941
0.89468271
1.40071988
1.11055255
0.99667478
1.00995350
0.45489216
0.00000000
0.00000000
0.00000000
0.00000000
0.00000000
0.00000000
0.00000000
0.00000000
0.00000000
0.17320472
1.15715337
1.53340983
1.55606997
1.93051422
1.76760900
1.64427447
1.63622451
1.28113174
0.76515561
0.34972936
0.00000000
0.00000000
0.00000000
0.00000000
0.00000000
0.00000000
0.00000000
0.17001283
1.34954369
1.50166380
1.41360593
1.40012574
1.45430243
1.53874695
1.03091645
1.62880409
1.10769081
1.13530171
0.00000000
0.00000000
0.00000000
0.00000000
0.00000000
0.00000000
0.00000000
0.00000000
0.84849697
1.97751272
1.78816891
1.64369845
1.46675909
1.47056174
0.79382545
1.31654978
1.08524549
0.30352122
0.00000000
0.00000000
0.00000000
0.00000000
0.00000000
0.00000000
0.00000000
0.00000000
0.00000000
0.27912974
0.85089159
0.86121255
0.89927816
0.64634711
0.18336755
0.00000000
0.00000000
0.00000000
0.00000000
0.00000000
0.00000000
0.00000000
0.00000000
0.00000000
0.00000000
0.00000000
0.00000000
0.00000000
0.00000000
0.00000000
0.00000000
0.00000000
0.00000000
0.00000000
0.00000000
0.00000000
0.00000000
0.00000000
0.00000000
0.15695065
0.42242053
0.00000000
0.00000000
0.00000000
0.00000000
0.00000000
0.00000000
0.00000000
0.00000000
0.00000000
0.00000000
0.00000000
0.00000000
0.00000000
0.00000000
0.00000000
0.00000000
0.00000000
0.98793060
0.84730291
0.03553361
0.00000000
0.00000000
0.00000000
0.00000000
0.00000000
0.00000000
0.00000000
0.00000000
0.00000000
0.00000000
0.00000000
0.00000000
0.00000000
0.00000000
0.00000000
0.00118279
0.98508340
1.00034428
0.28021404
0.00000000
0.00000000
0.00000000
0.00000000
0.00000000
0.00000000
0.00000000
0.00000000
0.00000000
0.00000000
0.00000000
0.00000000
0.00000000
0.00000000
0.00000000
0.04381055
0.55238539
0.76374346
0.52946562
0.04604006
0.00000000
0.00000000
0.00000000
0.00000000
0.00000000
0.00000000
0.00000000
0.00000000
0.13253564
0.46317524
0.22429520
0.00000000
0.00000000
0.00000000
0.00000000
0.00000000
0.00000000
0.00000000
0.00000000
0.00000000
0.00000000
0.00000000
0.00000000
0.00000000
0.00000000
0.00000000
0.00000000
0.00000000
0.00000000
